1 
2 
4 
5 
8 
9 
11 
12 
15 
16 
18 
19 
22 
23 
25 
26 
29 
30 
32 
33 
36 
37 
39 
40 
43 
44 
46 
47 
50 
51 
53 
54 
57 
58 
60 
61 
64 
65 
67 
68 
71 
72 
74 
75 
78 
79 
81 
82 
85 
86 
88 
89 
92 
93 
95 
96 
99 
100 
102 
103 
104 
105 
106 
107 
109 
110 
113 
114 
116 
117 
120 
121 
123 
124 
127 
128 
130 
131 
134 
135 
137 
138 
141 
142 
144 
145 
148 
149 
151 
152 
155 
156 
158 
159 
162 
163 
165 
166 
169 
170 
172 
173 
176 
177 
179 
180 
183 
184 
186 
187 
190 
191 
193 
194 
197 
198 
200 
201 
202 
203 
204 
205 
207 
208 
211 
212 
214 
215 
218 
219 
221 
222 
225 
226 
228 
229 
232 
233 
235 
236 
239 
240 
242 
243 
246 
247 
249 
250 
253 
254 
256 
257 
260 
261 
263 
264 
267 
268 
270 
271 
274 
275 
277 
278 
281 
282 
284 
285 
288 
289 
291 
292 
295 
296 
298 
299 
302 
303 
305 
306 
309 
310 
312 
313 
316 
317 
319 
320 
323 
324 
326 
327 
330 
331 
333 
334 
337 
338 
340 
341 
344 
345 
347 
348 
351 
352 
354 
355 
358 
359 
361 
362 
365 
366 
368 
369 
372 
373 
375 
376 
379 
380 
382 
383 
386 
387 
389 
390 
393 
394 
396 
397 
400 
401 
403 
404 
407 
408 
410 
411 
414 
415 
417 
418 
421 
422 
424 
425 
428 
429 
431 
432 
435 
436 
438 
439 
442 
443 
445 
446 
449 
450 
452 
453 
456 
457 
459 
460 
463 
464 
466 
467 
470 
471 
473 
474 
477 
478 
480 
481 
484 
485 
487 
488 
491 
492 
494 
495 
498 
499 
501 
502 
505 
506 
508 
509 
512 
513 
515 
516 
519 
520 
522 
523 
526 
527 
529 
530 
533 
534 
536 
537 
540 
541 
543 
544 
547 
548 
550 
551 
554 
555 
557 
558 
561 
562 
564 
565 
568 
569 
571 
572 
575 
576 
578 
579 
582 
583 
585 
586 
589 
590 
592 
593 
596 
597 
599 
600 
603 
604 
606 
607 
610 
611 
613 
614 
617 
618 
620 
621 
624 
625 
627 
628 
631 
632 
634 
635 
638 
639 
641 
642 
645 
646 
648 
649 
652 
653 
655 
656 
659 
660 
662 
663 
666 
667 
669 
670 
673 
674 
676 
677 
680 
681 
683 
684 
687 
688 
690 
691 
694 
695 
697 
698 
701 
702 
704 
705 
708 
709 
711 
712 
715 
716 
718 
719 
722 
723 
725 
726 
729 
730 
732 
733 
736 
737 
739 
740 
743 
744 
746 
747 
750 
751 
753 
754 
757 
758 
760 
761 
764 
765 
767 
768 
771 
772 
774 
775 
778 
779 
781 
782 
785 
786 
788 
789 
792 
793 
795 
796 
799 
800 
802 
803 
806 
807 
809 
810 
813 
814 
816 
817 
820 
821 
823 
824 
827 
828 
830 
831 
834 
835 
837 
838 
841 
842 
844 
845 
848 
849 
851 
852 
855 
856 
858 
859 
862 
863 
865 
866 
869 
870 
872 
873 
876 
877 
879 
880 
883 
884 
886 
887 
890 
891 
893 
894 
897 
898 
900 
901 
904 
905 
907 
908 
911 
912 
914 
915 
918 
919 
921 
922 
925 
926 
928 
929 
932 
933 
935 
936 
939 
940 
942 
943 
946 
947 
949 
950 
953 
954 
956 
957 
960 
961 
963 
964 
967 
968 
970 
971 
974 
975 
977 
978 
981 
982 
984 
985 
988 
989 
991 
992 
995 
996 
998 
999 
1002 
1003 
1005 
1006 
1009 
1010 
1012 
1013 
1016 
1017 
1019 
1020 
1023 
1024 
1026 
1027 
1030 
1031 
1033 
1034 
1037 
1038 
1040 
1041 
1044 
1045 
1047 
1048 
1051 
1052 
1054 
1055 
1058 
1059 
1061 
1062 
1065 
1066 
1068 
1069 
1072 
1073 
1075 
1076 
1079 
1080 
1082 
1083 
1086 
1087 
1089 
1090 
1093 
1094 
1096 
1097 
1100 
1101 
1103 
1104 
1107 
1108 
1110 
1111 
1114 
1115 
1117 
1118 
1121 
1122 
1124 
1125 
1128 
1129 
1131 
1132 
1135 
1136 
1138 
1139 
1142 
1143 
1145 
1146 
1149 
1150 
1152 
1153 
1156 
1157 
1159 
1160 
1163 
1164 
1166 
1167 
1170 
1171 
1173 
1174 
1177 
1178 
1180 
1181 
1184 
1185 
1187 
1188 
1191 
1192 
1194 
1195 
1198 
1199 
1201 
1202 
1205 
1206 
1208 
1209 
1212 
1213 
1215 
1216 
1219 
1220 
1222 
1223 
1226 
1227 
1229 
1230 
1233 
1234 
1236 
1237 
1240 
1241 
1243 
1244 
1247 
1248 
1250 
1251 
1254 
1255 
1257 
1258 
1261 
1262 
1264 
1265 
1268 
1269 
1271 
1272 
1275 
1276 
1278 
1279 
1282 
1283 
1285 
1286 
1289 
1290 
1292 
1293 
1296 
1297 
1299 
1300 
1303 
1304 
1306 
1307 
1310 
1311 
1313 
1314 
1317 
1318 
1320 
1321 
1324 
1325 
1327 
1328 
1331 
1332 
1334 
1335 
1338 
1339 
1341 
1342 
1345 
1346 
1348 
1349 
1352 
1353 
1355 
1356 
1359 
1360 
1362 
1363 
1366 
1367 
1369 
1370 
1373 
1374 
1376 
1377 
1380 
1381 
1383 
1384 
1387 
1388 
1390 
1391 
1394 
1395 
1397 
1398 
1401 
1402 
1404 
1405 
1408 
1409 
1411 
1412 
1415 
1416 
1418 
1419 
1422 
1423 
1425 
1426 
1429 
1430 
1432 
1433 
1436 
1437 
1439 
1440 
1443 
1444 
1446 
1447 
1450 
1451 
1453 
1454 
1457 
1458 
1460 
1461 
1464 
1465 
1467 
1468 
1471 
1472 
1474 
1475 
1478 
1479 
1481 
1482 
1485 
1486 
1488 
1489 
1492 
1493 
1495 
1496 
1499 
1500 
1502 
1503 
1506 
1507 
1509 
1510 
1513 
1514 
1516 
1517 
1520 
1521 
1523 
1524 
1527 
1528 
1530 
1531 
1534 
1535 
1537 
1538 
1541 
1542 
1544 
1545 
1548 
1549 
1551 
1552 
1555 
1556 
1558 
1559 
1562 
1563 
1565 
1566 
1569 
1570 
1572 
1573 
1576 
1577 
1579 
1580 
1583 
1584 
1586 
1587 
1590 
1591 
1593 
1594 
1597 
1598 
1600 
1601 
1604 
1605 
1607 
1608 
1611 
1612 
1614 
1615 
1618 
1619 
1621 
1622 
1625 
1626 
1628 
1629 
1632 
1633 
1635 
1636 
1639 
1640 
1642 
1643 
1646 
1647 
1649 
1650 
1653 
1654 
1656 
1657 
1660 
1661 
1663 
1664 
1667 
1668 
1670 
1671 
1674 
1675 
1677 
1678 
1681 
1682 
1684 
1685 
1688 
1689 
1691 
1692 
1695 
1696 
1698 
1699 
1702 
1703 
1705 
1706 
1709 
1710 
1712 
1713 
1716 
1717 
1719 
1720 
1723 
1724 
1726 
1727 
1730 
1731 
1733 
1734 
1737 
1738 
1740 
1741 
1744 
1745 
1747 
1748 
1751 
1752 
1754 
1755 
1758 
1759 
1761 
1762 
1765 
1766 
1768 
1769 
1772 
1773 
1775 
1776 
1779 
1780 
1782 
1783 
1786 
1787 
1789 
1790 
1793 
1794 
1796 
1797 
1800 
1801 
1803 
1804 
1807 
1808 
1810 
1811 
1814 
1815 
1817 
1818 
1821 
1822 
1824 
1825 
1828 
1829 
1831 
1832 
1835 
1836 
1838 
1839 
1842 
1843 
1845 
1846 
