0.201957 
0.069950 
0.125343 
0.115493 
0.206786 
0.067159 
0.206786 
0.067159 
0.223421 
0.105433 
0.201957 
0.069950 
0.117255 
0.075230 
0.166627 
0.130008 
0.230752 
0.062448 
0.230752 
0.062448 
0.167424 
0.133803 
0.117255 
0.075230 
0.226701 
0.071962 
0.195002 
0.120843 
0.154346 
0.084311 
0.154346 
0.084311 
0.222705 
0.114346 
0.226701 
0.071962 
0.123331 
0.092821 
0.162843 
0.122625 
0.126673 
0.083730 
0.126674 
0.083730 
0.202586 
0.117214 
0.123331 
0.092821 
0.236926 
0.066944 
0.193684 
0.115557 
0.160115 
0.085228 
0.160115 
0.085228 
0.220672 
0.108048 
0.236926 
0.066944 
0.129272 
0.093638 
0.162359 
0.118287 
0.133074 
0.085315 
0.133074 
0.085315 
0.204441 
0.111812 
0.129272 
0.093639 
0.140088 
0.062472 
0.185162 
0.099079 
0.238056 
0.056286 
0.238056 
0.056286 
0.136646 
0.121376 
0.140088 
0.062472 
0.101857 
0.069616 
0.140130 
0.121498 
0.194294 
0.121885 
0.101857 
0.069616 
0.127324 
0.080713 
0.173836 
0.131431 
0.245550 
0.057952 
0.245551 
0.057952 
0.169984 
0.130188 
0.127324 
0.080713 
0.229513 
0.064976 
0.201213 
0.111745 
0.156683 
0.064817 
0.156683 
0.064817 
0.117102 
0.123895 
0.229514 
0.064976 
0.131680 
0.095631 
0.169482 
0.124561 
0.137009 
0.088028 
0.137009 
0.088028 
0.209500 
0.115268 
0.131680 
0.095632 
0.257849 
0.058477 
0.148690 
0.125612 
0.116028 
0.071296 
0.116028 
0.071296 
0.211189 
0.117696 
0.257850 
0.058477 
0.136805 
0.096211 
0.168851 
0.120309 
0.143360 
0.090327 
0.143360 
0.090327 
0.210935 
0.113608 
0.136805 
0.096211 
0.264911 
0.056183 
0.146394 
0.118830 
0.121098 
0.072471 
0.121098 
0.072471 
0.213518 
0.115753 
0.264911 
0.056183 
0.107708 
0.069996 
0.143564 
0.122213 
0.202104 
0.124319 
0.107708 
0.069996 
0.179652 
0.069218 
0.084089 
0.102080 
0.180179 
0.063947 
0.180180 
0.063947 
0.220439 
0.093453 
0.179652 
0.069218 
0.206972 
0.074570 
0.109883 
0.118987 
0.209232 
0.068921 
0.209232 
0.068921 
0.227828 
0.106664 
0.206972 
0.074570 
0.107424 
0.085534 
0.144502 
0.136407 
0.248102 
0.064316 
0.248102 
0.064316 
0.171259 
0.142211 
0.107424 
0.085534 
0.243228 
0.076224 
0.169162 
0.128488 
0.138009 
0.095397 
0.138009 
0.095397 
0.221813 
0.124841 
0.243228 
0.076224 
0.110194 
0.108047 
0.126050 
0.122914 
0.102082 
0.094956 
0.102082 
0.094956 
0.162060 
0.136754 
0.110194 
0.108047 
0.245080 
0.074872 
0.169398 
0.130450 
0.137254 
0.096331 
0.137254 
0.096331 
0.219998 
0.124797 
0.245080 
0.074872 
0.109231 
0.105662 
0.123926 
0.121981 
0.099440 
0.094498 
0.099440 
0.094498 
0.161924 
0.135914 
0.109231 
0.105662 
0.209055 
0.073877 
0.205362 
0.115610 
0.209070 
0.075265 
0.209070 
0.075265 
0.159885 
0.132568 
0.209055 
0.073877 
0.100440 
0.083767 
0.158582 
0.136981 
0.232773 
0.070891 
0.232774 
0.070891 
0.183315 
0.134926 
0.100440 
0.083767 
0.112162 
0.090611 
0.161135 
0.154414 
0.254291 
0.064720 
0.254291 
0.064720 
0.171206 
0.137600 
0.112162 
0.090611 
0.189876 
0.079405 
0.212052 
0.136170 
0.230030 
0.068537 
0.230031 
0.068537 
0.125298 
0.137627 
0.189877 
0.079405 
0.112071 
0.110325 
0.132048 
0.130894 
0.105033 
0.096271 
0.105033 
0.096271 
0.167981 
0.139139 
0.112071 
0.110325 
0.227597 
0.078456 
0.160831 
0.149904 
0.104607 
0.088750 
0.104607 
0.088751 
0.179231 
0.135951 
0.227598 
0.078455 
0.111762 
0.109495 
0.129090 
0.129452 
0.102218 
0.096657 
0.102218 
0.096657 
0.167124 
0.142819 
0.111762 
0.109495 
0.225297 
0.081533 
0.158686 
0.149264 
0.103031 
0.086741 
0.103031 
0.086741 
0.182496 
0.141426 
0.225297 
0.081533 
0.101802 
0.083849 
0.161421 
0.139581 
0.240083 
0.077288 
0.240083 
0.077288 
0.197609 
0.149049 
0.101802 
0.083850 
0.203113 
0.085362 
0.127336 
0.120347 
0.215373 
0.077853 
0.215373 
0.077853 
0.245554 
0.127245 
0.203113 
0.085362 
0.209956 
0.072623 
0.093061 
0.116466 
0.207868 
0.067993 
0.207868 
0.067993 
0.232559 
0.100794 
0.209956 
0.072623 
0.103288 
0.086592 
0.127215 
0.133692 
0.260897 
0.063258 
0.260897 
0.063258 
0.174382 
0.147062 
0.103288 
0.086592 
0.251182 
0.072074 
0.129463 
0.124285 
0.129678 
0.093636 
0.129678 
0.093636 
0.210672 
0.137683 
0.251182 
0.072074 
0.114086 
0.106075 
0.102825 
0.116963 
0.111634 
0.097140 
0.111634 
0.097140 
0.177163 
0.146452 
0.114086 
0.106075 
0.266398 
0.088730 
0.133886 
0.129305 
0.136959 
0.097227 
0.136959 
0.097227 
0.217957 
0.143883 
0.266398 
0.088730 
0.114269 
0.104891 
0.103203 
0.118766 
0.112304 
0.096855 
0.112304 
0.096855 
0.185621 
0.152416 
0.114269 
0.104891 
0.259343 
0.094314 
0.195139 
0.141483 
0.152472 
0.094523 
0.152472 
0.094523 
0.187234 
0.136384 
0.259343 
0.094314 
0.113843 
0.103069 
0.145661 
0.135887 
0.123799 
0.101602 
0.123799 
0.101602 
0.144385 
0.145686 
0.113843 
0.103069 
0.246377 
0.072975 
0.187993 
0.136822 
0.146102 
0.093916 
0.146103 
0.093916 
0.175478 
0.124494 
0.246377 
0.072975 
0.113600 
0.103009 
0.138036 
0.131924 
0.120914 
0.102173 
0.120914 
0.102173 
0.140923 
0.139458 
0.113600 
0.103009 
0.191310 
0.072441 
0.210161 
0.107112 
0.220447 
0.066701 
0.220447 
0.066701 
0.123938 
0.130382 
0.191310 
0.072441 
0.081172 
0.075326 
0.154418 
0.141438 
0.265989 
0.056094 
0.265989 
0.056094 
0.148714 
0.135619 
0.081172 
0.075326 
0.118498 
0.099398 
0.149058 
0.158240 
0.285982 
0.080625 
0.285982 
0.080625 
0.184562 
0.150495 
0.118498 
0.099398 
0.104641 
0.087736 
0.171354 
0.166085 
0.287810 
0.082153 
0.287810 
0.082153 
0.135640 
0.149328 
0.104641 
0.087736 
0.121949 
0.111916 
0.112565 
0.129849 
0.121351 
0.102680 
0.121351 
0.102680 
0.192326 
0.151437 
0.121949 
0.111916 
0.101319 
0.100668 
0.144641 
0.156115 
0.096396 
0.092118 
0.096396 
0.092118 
0.134459 
0.152171 
0.101319 
0.100668 
0.150324 
0.121965 
0.127017 
0.143224 
0.154022 
0.119315 
0.154023 
0.119315 
0.226053 
0.173448 
0.150324 
0.121965 
0.120808 
0.104761 
0.175409 
0.186561 
0.122706 
0.109121 
0.122706 
0.109121 
0.145144 
0.164113 
0.120808 
0.104761 
0.151970 
0.123560 
0.186987 
0.166861 
0.161107 
0.121778 
0.161107 
0.121778 
0.169314 
0.166482 
0.151970 
0.123560 
0.117942 
0.114062 
0.131343 
0.141843 
0.136392 
0.108414 
0.136392 
0.108414 
0.226357 
0.179524 
0.117942 
0.114062 
0.121316 
0.107731 
0.149780 
0.139570 
0.130016 
0.108128 
0.130016 
0.108128 
0.151958 
0.152876 
0.121316 
0.107731 
0.095888 
0.100522 
0.113150 
0.127924 
0.105269 
0.094416 
0.105269 
0.094416 
0.182682 
0.153755 
0.095889 
0.100522 
0.089225 
0.081037 
0.161799 
0.148392 
0.291150 
0.076162 
0.291150 
0.076162 
0.169089 
0.155110 
0.089225 
0.081037 
0.115240 
0.097462 
0.132307 
0.142233 
0.287377 
0.078481 
0.287377 
0.078481 
0.204084 
0.153907 
0.115240 
0.097462 
0.099410 
0.085154 
0.169687 
0.164876 
0.266749 
0.060107 
0.266749 
0.060107 
0.123939 
0.135046 
0.099411 
0.085154 
0.217735 
0.079271 
0.226357 
0.111485 
0.210789 
0.070055 
0.210789 
0.070055 
0.106006 
0.133956 
0.217735 
0.079271 
0.099571 
0.101048 
0.140103 
0.155564 
0.089137 
0.085996 
0.089137 
0.085996 
0.128471 
0.142525 
0.099571 
0.101048 
0.260783 
0.071929 
0.177004 
0.162902 
0.103401 
0.086095 
0.103401 
0.086095 
0.132353 
0.135290 
0.260784 
0.071929 
0.102260 
0.101269 
0.142730 
0.153440 
0.096763 
0.092391 
0.096763 
0.092391 
0.132896 
0.151705 
0.102260 
0.101269 
0.282452 
0.096269 
0.180195 
0.161967 
0.110970 
0.089505 
0.110970 
0.089505 
0.141972 
0.143971 
0.282452 
0.096269 
0.100597 
0.103986 
0.118704 
0.132856 
0.114258 
0.101936 
0.114258 
0.101936 
0.181681 
0.152124 
0.100597 
0.103986 
0.281500 
0.097683 
0.140318 
0.142968 
0.126661 
0.096171 
0.126661 
0.096171 
0.232424 
0.145130 
0.281500 
0.097683 
0.090348 
0.095887 
0.108324 
0.121692 
0.102260 
0.095974 
0.102260 
0.095974 
0.166864 
0.145682 
0.090348 
0.095887 
0.257107 
0.075685 
0.122044 
0.128045 
0.110646 
0.088433 
0.110646 
0.088433 
0.218635 
0.139460 
0.257107 
0.075685 
0.098750 
0.082684 
0.120752 
0.131487 
0.267263 
0.066178 
0.267263 
0.066178 
0.196716 
0.148439 
0.098750 
0.082684 
0.206012 
0.077752 
0.091898 
0.119710 
0.211286 
0.071981 
0.211286 
0.071981 
0.245475 
0.105258 
0.206013 
0.077752 
0.217576 
0.074227 
0.072394 
0.116773 
0.207943 
0.074792 
0.207943 
0.074792 
0.254311 
0.091392 
0.217576 
0.074227 
0.087608 
0.095124 
0.101402 
0.130468 
0.268968 
0.072511 
0.268968 
0.072511 
0.158305 
0.158320 
0.087608 
0.095124 
0.263497 
0.074484 
0.089989 
0.121100 
0.111106 
0.095672 
0.111106 
0.095672 
0.200225 
0.152280 
0.263497 
0.074484 
0.092641 
0.100062 
0.070711 
0.111992 
0.116279 
0.102752 
0.116279 
0.102752 
0.172154 
0.165094 
0.092641 
0.100062 
0.277714 
0.095159 
0.093115 
0.127860 
0.117184 
0.102771 
0.117184 
0.102771 
0.201052 
0.155230 
0.277714 
0.095159 
0.095215 
0.105389 
0.072403 
0.114676 
0.118193 
0.106206 
0.118193 
0.106206 
0.178417 
0.169758 
0.095215 
0.105389 
0.275115 
0.108790 
0.149299 
0.147865 
0.127230 
0.111584 
0.127230 
0.111584 
0.187699 
0.158427 
0.275115 
0.108790 
0.129791 
0.113938 
0.101182 
0.130048 
0.099947 
0.114540 
0.099947 
0.114540 
0.161634 
0.154413 
0.129791 
0.113939 
0.271577 
0.107072 
0.147285 
0.145950 
0.127653 
0.112930 
0.127653 
0.112931 
0.182405 
0.153746 
0.271577 
0.107072 
0.125587 
0.110399 
0.098900 
0.128420 
0.095873 
0.112214 
0.095873 
0.112214 
0.156951 
0.148134 
0.125588 
0.110399 
0.263082 
0.106979 
0.172585 
0.152373 
0.139566 
0.106349 
0.139566 
0.106349 
0.145731 
0.147047 
0.263082 
0.106979 
0.106113 
0.103458 
0.133704 
0.149978 
0.117789 
0.114771 
0.117789 
0.114771 
0.134067 
0.155827 
0.106113 
0.103458 
0.254578 
0.086893 
0.178135 
0.159022 
0.138459 
0.106510 
0.138459 
0.106510 
0.141526 
0.141693 
0.254578 
0.086893 
0.106329 
0.102568 
0.134787 
0.155304 
0.120296 
0.117283 
0.120296 
0.117283 
0.133155 
0.153429 
0.106329 
0.102568 
0.235254 
0.085598 
0.213173 
0.121288 
0.178762 
0.082411 
0.178762 
0.082411 
0.106560 
0.135676 
0.235254 
0.085598 
0.065034 
0.075863 
0.140240 
0.156184 
0.234180 
0.078392 
0.234180 
0.078392 
0.121592 
0.141664 
0.065034 
0.075863 
0.102058 
0.112761 
0.114530 
0.148981 
0.292117 
0.088654 
0.292118 
0.088654 
0.165685 
0.163275 
0.102058 
0.112761 
0.099548 
0.104189 
0.134017 
0.158334 
0.298180 
0.095545 
0.298180 
0.095545 
0.138812 
0.159417 
0.099548 
0.104189 
0.100755 
0.109902 
0.075562 
0.119853 
0.122337 
0.107505 
0.122337 
0.107505 
0.182810 
0.170083 
0.100755 
0.109902 
0.091979 
0.114741 
0.112804 
0.147458 
0.115884 
0.108499 
0.115884 
0.108499 
0.137620 
0.160607 
0.091979 
0.114741 
0.130860 
0.139968 
0.087386 
0.135941 
0.169605 
0.146006 
0.169605 
0.146006 
0.226316 
0.229613 
0.130860 
0.139968 
0.100575 
0.121148 
0.131504 
0.174794 
0.149849 
0.140443 
0.149849 
0.140443 
0.161077 
0.187290 
0.100575 
0.121148 
0.171932 
0.145884 
0.124214 
0.159705 
0.121986 
0.138409 
0.121986 
0.138409 
0.197946 
0.181576 
0.171932 
0.145884 
0.108983 
0.133400 
0.071502 
0.120150 
0.086161 
0.122018 
0.086161 
0.122018 
0.125426 
0.178033 
0.108983 
0.133400 
0.181092 
0.157536 
0.125291 
0.157328 
0.134905 
0.147512 
0.134905 
0.147512 
0.209328 
0.198899 
0.181092 
0.157536 
0.106700 
0.132018 
0.072360 
0.121568 
0.090981 
0.127294 
0.090981 
0.127294 
0.119033 
0.160309 
0.106700 
0.132018 
0.159707 
0.153069 
0.186656 
0.223800 
0.152539 
0.143848 
0.152539 
0.143848 
0.154901 
0.178507 
0.159707 
0.153069 
0.098211 
0.125731 
0.113033 
0.152801 
0.111784 
0.128612 
0.111784 
0.128612 
0.124854 
0.165979 
0.098211 
0.125731 
0.122554 
0.116523 
0.149697 
0.171297 
0.129436 
0.126553 
0.129436 
0.126553 
0.147189 
0.170022 
0.122554 
0.116523 
0.094721 
0.119763 
0.104699 
0.148704 
0.098689 
0.113095 
0.098690 
0.113095 
0.116068 
0.157698 
0.094721 
0.119763 
0.077784 
0.091097 
0.152863 
0.171705 
0.266055 
0.102089 
0.266055 
0.102089 
0.141448 
0.161702 
0.077784 
0.091098 
0.088224 
0.102600 
0.159451 
0.168285 
0.277507 
0.105929 
0.277507 
0.105929 
0.163144 
0.168749 
0.088224 
0.102600 
0.104541 
0.109759 
0.146520 
0.171519 
0.300377 
0.097896 
0.300377 
0.097896 
0.133864 
0.151991 
0.104541 
0.109759 
0.086053 
0.098262 
0.150862 
0.172851 
0.305276 
0.091350 
0.305276 
0.091350 
0.109463 
0.150467 
0.086053 
0.098262 
0.095992 
0.122865 
0.117777 
0.155732 
0.114859 
0.109602 
0.114859 
0.109602 
0.136318 
0.154610 
0.095992 
0.122865 
0.076011 
0.095905 
0.137969 
0.170309 
0.103948 
0.104492 
0.103948 
0.104492 
0.110636 
0.157885 
0.076011 
0.095905 
0.115871 
0.145509 
0.148451 
0.193756 
0.184905 
0.167049 
0.184905 
0.167049 
0.166884 
0.192467 
0.115871 
0.145509 
0.099743 
0.117991 
0.196872 
0.248446 
0.175114 
0.170034 
0.175114 
0.170034 
0.127173 
0.181547 
0.099743 
0.117991 
0.122777 
0.154912 
0.078582 
0.132351 
0.089970 
0.119932 
0.089970 
0.119932 
0.129721 
0.171436 
0.122777 
0.154912 
0.086110 
0.119711 
0.117710 
0.182096 
0.073583 
0.120058 
0.073583 
0.120058 
0.113099 
0.173070 
0.086110 
0.119711 
0.124404 
0.150489 
0.081193 
0.131034 
0.124851 
0.154816 
0.124851 
0.154816 
0.132180 
0.170805 
0.124404 
0.150489 
0.097315 
0.129813 
0.154828 
0.234507 
0.107540 
0.152516 
0.107540 
0.152516 
0.113756 
0.169454 
0.097315 
0.129813 
0.117193 
0.141744 
0.131048 
0.178004 
0.134448 
0.151716 
0.134448 
0.151716 
0.132630 
0.172158 
0.117193 
0.141744 
0.095291 
0.134167 
0.099697 
0.153807 
0.136801 
0.144474 
0.136801 
0.144474 
0.225759 
0.260366 
0.095291 
0.134167 
0.094175 
0.117843 
0.105675 
0.146884 
0.101453 
0.115065 
0.101453 
0.115065 
0.119323 
0.166608 
0.094176 
0.117843 
0.071205 
0.103705 
0.081861 
0.131873 
0.092139 
0.106601 
0.092139 
0.106601 
0.164155 
0.178599 
0.071205 
0.103705 
0.084576 
0.095338 
0.155829 
0.165639 
0.282690 
0.111916 
0.282690 
0.111916 
0.176389 
0.182634 
0.084576 
0.095338 
0.109372 
0.112845 
0.122220 
0.156911 
0.279171 
0.106921 
0.279171 
0.106921 
0.207525 
0.185160 
0.109372 
0.112845 
0.080103 
0.092052 
0.155192 
0.179615 
0.284074 
0.072603 
0.284074 
0.072603 
0.098939 
0.136086 
0.080103 
0.092052 
0.181026 
0.092526 
0.216945 
0.123259 
0.249406 
0.078816 
0.249406 
0.078816 
0.092120 
0.134910 
0.181027 
0.092526 
0.075558 
0.095714 
0.136218 
0.174598 
0.095536 
0.095405 
0.095536 
0.095405 
0.103955 
0.147128 
0.075558 
0.095714 
0.229650 
0.094873 
0.193852 
0.172303 
0.096887 
0.094643 
0.096888 
0.094643 
0.105017 
0.138505 
0.229650 
0.094873 
0.081875 
0.103245 
0.150467 
0.189551 
0.114496 
0.118297 
0.114496 
0.118297 
0.112235 
0.160690 
0.081875 
0.103245 
0.263086 
0.126479 
0.210299 
0.183924 
0.113721 
0.107247 
0.113721 
0.107248 
0.121379 
0.155159 
0.263086 
0.126479 
0.075899 
0.109504 
0.098899 
0.156468 
0.062558 
0.100173 
0.062558 
0.100173 
0.100094 
0.153348 
0.075900 
0.109504 
0.283700 
0.127431 
0.160085 
0.191275 
0.094905 
0.108738 
0.094905 
0.108738 
0.150508 
0.164207 
0.283700 
0.127431 
0.072806 
0.104416 
0.094499 
0.146037 
0.063222 
0.101594 
0.063222 
0.101594 
0.100411 
0.156851 
0.072806 
0.104416 
0.289621 
0.129424 
0.152192 
0.179221 
0.095200 
0.106336 
0.095200 
0.106336 
0.151864 
0.164681 
0.289621 
0.129424 
0.075721 
0.105715 
0.090551 
0.141778 
0.104683 
0.118687 
0.104683 
0.118687 
0.155806 
0.169319 
0.075721 
0.105716 
0.282013 
0.129522 
0.110003 
0.139981 
0.116951 
0.112952 
0.116951 
0.112952 
0.232669 
0.174003 
0.282013 
0.129521 
0.065016 
0.093978 
0.076892 
0.122641 
0.089912 
0.107650 
0.089912 
0.107650 
0.149134 
0.169220 
0.065016 
0.093978 
0.239251 
0.096654 
0.092216 
0.124989 
0.096544 
0.099950 
0.096544 
0.099950 
0.224462 
0.174525 
0.239252 
0.096654 
0.087524 
0.091917 
0.110193 
0.144212 
0.245614 
0.087953 
0.245614 
0.087953 
0.200140 
0.181151 
0.087524 
0.091917 
0.198630 
0.096137 
0.089776 
0.130320 
0.209321 
0.090645 
0.209322 
0.090645 
0.256444 
0.140330 
0.198630 
0.096137 
